0.0625 -0.070004776814999 -0.53237470932347 0.0046142619386568 -0.43670851204145 -0.14968059327 -0.57649563954592
0.0625 0.94366744219252 -0.94016526037034 0.16531850738195 -0.36566926903416 0.07324749504337 -0.061158156441578
0.0625 -0.36213433177023 0.36306320795509 0.35463876128783 0.11664360614259 -0.30410683779978 0.22034019951762
0.0625 -0.49453720902549 0.64286857683946 0.10930375115592 0.51653092851203 0.41589146047768 0.10641792496059
0.0625 0.48218785937189 -0.19272526157661 -0.3545297355433 0.28754778008078 0.8240647594924 0.22295357117253
0.0625 0.067356972798794 0.20914913325796 0.063628209189916 0.53137666916194 -0.28571112197325 0.94692837576875
0.0625 0.21149340864192 -0.36298334002453 -0.14740434339804 -0.57769438902572 -0.6295508653367 -0.24967961419676
0.0625 -1.1729852603116 0.29226744958729 -0.051394991225224 0.48225135087253 0.23423405945246 0.20883070733493
0.0625 0.7059032764882 -0.18287796950419 -0.27878066984005 -0.30860086847793 0.54465838490416 -0.48029806794258
0.0625 -0.28883725925996 0.73373571141936 -1.2984219823002 0.00125378211749 0.26203625261308 -0.059214859453765
0.0625 0.30641984288744 0.16319238394864 -0.052982571524844 -0.48145342519967 -0.71082331802863 -0.08803466592598
0.0625 0.43858517802141 0.034582099815325 0.20877362577074 -0.5709331737263 0.4131735771098 -0.44236352753902
0.0625 0.62127552602966 -0.44427704593753 -0.9458694274663 -0.17230799427066 -0.3187795853069 -0.23308012097253
0.0625 -0.3677685325533 0.2086588880107 1.3714614485425 0.21724096320584 -0.43648614934435 -0.42492771099049
0.0625 -0.86276262277942 0.3663114882418 0.60591201072446 0.44114448969641 0.014145817527138 0.28022942726167
0.0625 -0.15785951391686 -0.35842535233896 0.24573314530598 0.31937806198627 0.0536866644395 0.62955215699252
