1                    -0.00712377699396443  -0.00283538985630487 -4.63675825294682e-06  0.000315043129753047 -0.000428788597909482 -8.53535576770256e-07 
1.66013679527193e-07 -0.134041839403259    -0.450586209684483   -0.0317327781784651    1.24765113964416     -0.367348560236518    -0.11505457416379
2.44783833966455e-06 -0.726062021587661    -0.039665992657221    0.0218575042921458    0.0537323647367395   -1.17961128266637     -0.0273933407210185
3.04043264626853e-06 -0.189566509161968     0.963413224416489    0.00338899408041853  -0.998489725622231    -0.189356029048893    -0.0277905056358035
3.22715144505387e-07  1.38407082168322     -0.00854263708448956  0.00195338624778221   0.0339697602312997    0.882336954083445     0.0258975097250254
0.000954791938424327  3.97896476349658      2.95779610056192     0.0277878676318589   -0.267315308034173     0.372606717609675     0.000533607251937168
0.000285885980666131  6.37017339500169      6.60411921341949    -0.146003410253912    -0.2504985023359       0.224300955779407     0.00131013765082432
4.36625166911354e-05 14.502078723897      -13.6574724004636      0.0266710693728891    0.155097409556616     0.155754862016402     0.00394092485741823
5.15138902046612e-05 16.9343722652737     -24.904781203303       0.360719859921208     0.149752685968701     0.103693951061509    -0.000776459933629997
7.40740740830878e-09 -9.87695317832301    -28.0623724768707      5.35614463977912      0.177878490988979    -0.0885170840283217   -0.0375021230229398
